20.00 120.00 80.00 250.00 150.00    
20.00 150.00 80.00 80.00 10.00    
60.00 240.00 110.00 90.00 120.00    
260.00 90.00 40.00 160.00 -0.00    
30.00 50.00 140.00 -0.00 120.00    
40.00 210.00 150.00 230.00 20.00    
220.00 20.00 220.00 80.00 250.00    
90.00 140.00 70.00 140.00 250.00    
50.00 240.00 80.00 100.00 -0.00    
130.00 200.00 100.00 250.00 270.00    
210.00 230.00 160.00 260.00 210.00    
240.00 -0.00 90.00 290.00 250.00    
10.00 60.00 110.00 180.00 280.00    
180.00 10.00 280.00 -0.00 190.00    
140.00 200.00 260.00 270.00 70.00    
-0.00 150.00 150.00 100.00 130.00    
170.00 50.00 130.00 180.00 240.00    
-270 -220 -220 -230 70    
220 -20 240 -70 260    
-20 210 140 -120 -280    
-270 -280 -140 -220 200    
-240 140 -20 0 -140    
140 -80 110 80 -90    
120 40 230 10 90    
130 70 130 300 -190    
-200 290 0 -80 -140    
-60 30 180 -180 210    
-70 120 -50 280 50    
-210 260 120 80 -110    
-20 140 -40 -110 -160    
-130 -10 -180 -10 210    
300 -90 -20 0 230    
140 210 -260 100 -20    
190 250 50 10 0    
260 300 -190 140 -130    
300 40 -220 200 270    
-220 -40 -160 190 30    
-180 -30 -90 170 -130    
-210 -110 -80 230 80    
-210 -90 240 0 -90    
240 -230 -60 210 300    
-10 -120 -140 120 -50    
-190 -230 -290 -60 30    
30 240 190 -90 -220    
-260 170 220 270 -280    
180 -130 190 -210 -150    
120 -90 -140 -250 170    
30 -110 -210 300 -130    
130 -250 -50 -90 -50    
280 -30 -30 -260 40    
80 250 190 -10 -290    
-280 -160 -250 0 -190    
-200 -290 290 140 170    
-180 -70 170 230 -20    
-140 280 110 -240 230    
-130 270 -150 -50 180    
30 300 -50 20 260    
-180 290 -60 -130 -300    
-260 290 110 -200 -50    
-50 290 -130 -50 60    
0 -210 -260 -180 -10    
280 -170 -20 -280 -80    
-280 -60 -10 -80 -40    
270 60 280 -280 40    
120 -80 -100 -280 -70    
-290 -110 -10 90 -220    
-120 230 -80 -200 70    
210 -150 -270 -200 130    
10 270 160 280 -280    
-10 250 -300 -150 -80    
220 -210 10 90 -260    
250 180 -220 150 210    
-200 300 200 40 -60    
210 -30 -300 -90 80    
-20 -150 -180 -240 -220    
230 130 300 -160 190    
-160 190 -240 130 60    
290 270 280 280 -230    
60 20 -120 190 260    
-270 280 -220 220 170    
-150 80 -60 140 120    
180 -80 300 -10 270    
290 -220 -230 -20 40    
40 280 -120 -70 -220    
-30 160 -300 -50 170    
230 90 240 50 -40    
-260 -100 -150 -300 60    
70 120 -140 40 -220    
20 120 -20 300 210    
200 290 230 -300 10    
-180 230 180 250 270    
200 130 -170 -80 -120    
50 90 250 80 -20    
270 -260 -170 300 -60    
220 -170 140 130 290    
-270 -20 210 -210 120    
-90 90 250 170 -200    
30 100 300 140 130    
-110 -180 -290 -290 -140    
-130 -80 -150 120 -160    
-290 200 10 -50 -130    
240 -230 30 -50 150    
-260 -250 -210 290 20    
110 70 210 -40 70    
-240 -40 -230 -210 150    
230 -30 180 -300 260    
-250 220 50 -170 -60    
-60 -150 -110 40 20    
180 -120 -260 100 -230    
-70 200 50 -110 -70    
180 -210 140 -230 230    
-10 0 -200 160 -220    
300 10 -300 190 180    
70 -110 -220 -260 -200    
-260 200 -70 130 -70    
110 130 260 70 120    
300 50 120 20 210    
20 240 210 300 290    
200 90 140 300 260    
60 80 80 150 50    
100 220 160 70 120    
40 20 300 50 100    
140 270 110 100 130    
100 70 20 50 250    
110 50 100 30 70    
0 80 250 140 90    
220 240 110 0 30    
280 250 50 100 210    
50 30 50 250 210    
170 30 270 280 160    
160 110 140 0 260    
60 130 300 10 50    
160 290 150 50 290    
120 10 270 10 0    
0 100 90 280 280    
230 10 110 170 30    
90 300 180 110 270    
280 300 220 240 300    
40 300 280 160 240    
negative
positive
90 negative
positive
120 negative
positive
130 negative
positive
120 negative
positive
290    
negative
positive
100 negative
positive
240 negative
positive
270 negative
positive
40 negative
positive
150    
